Results
Func;                 bisect;                  brent;                 ridder;                alefeld;                    ITP;                    A42;                  modAB
 f01;     0.9999999999999982;                    1.0;                    1.0;                    1.0;     0.9999999999999999;                    1.0;                    1.0; 
 f02;     0.3994222917109664;    0.39942229171096816;    0.39942229171096627;    0.39942229171096816;      0.399422291710968;    0.39942229171096816;     0.3994222917109682; 
 f03;     0.8041330975036638;     0.8041330975036644;     0.8041330975036638;     0.8041330975036644;      0.804133097503664;     0.8041330975036644;     0.8041330975036644; 
 f04;    -1.0000000000000002;                   -1.0;                   -1.0;                   -1.0;                   -1.0;                   -1.0;                   -1.0; 
 f05;      2.094551481542327;      2.094551481542327;     2.0945514815423265;     2.0945514815423265;     2.0945514815423265;     2.0945514815423265;      2.094551481542327; 
 f06;    0.13825715505682332;    0.13825715505682404;    0.13825715505682407;    0.13825715505682407;    0.13825715505682407;    0.13825715505682407;    0.13825715505682407; 
 f07;    0.06931408868702256;    0.06931408868702348;    0.06931408868702287;    0.06931408868702346;    0.06931408868702346;    0.06931408868702348;    0.06931408868702346; 
 f08;   0.034657359020853616;    0.03465735902085384;    0.03465735902085385;   0.034657359020853845;    0.03465735902085386;   0.034657359020853845;   0.034657359020853845; 
 f09;    0.10961179679779359;      0.109611796797793;    0.10961179679779243;    0.10961179679779243;    0.10961179679779243;    0.10961179679779243;    0.10961179679779244; 
 f10;    0.05247860343680966;    0.05247860343681028;   0.052478603436810184;   0.052478603436810184;    0.05247860343681014;   0.052478603436810184;   0.052478603436810184; 
 f11;   0.025623747619988105;    0.02562374761998821;    0.02562374761998821;    0.02562374761998821;    0.02562374761998821;    0.02562374761998821;    0.02562374761998821; 
 f12;     0.3459548158482421;      0.345954815848242;      0.345954815848242;      0.345954815848242;    0.34595481584824056;      0.345954815848242;    0.34595481584824206; 
 f13;    0.24512233375331216;    0.24512233375330725;     0.2451223337533072;    0.24512233375330722;    0.24512233375330084;    0.24512233375330725;    0.24512233375330722; 
 f14;     0.1649209572764402;    0.16492095727644096;    0.16492095727644096;      0.164920957276441;     0.1649209572764505;     0.1649209572764409;    0.16492095727644093; 
 f15;  0.0036171081789040708;  0.0036171081789040643;   0.003617108178904063;   0.003617108178904064;  0.0036171081789040634;  0.0036171081789040643;   0.003617108178904064; 
 f16;  0.0001514713347838929; 0.00015147133478389134;  0.0001514713347838914;  0.0001514713347838914; 0.00015147133478389136; 0.00015147133478389212; 0.00015147133478389136; 
 f17;   7.668595122185264e-6;   7.668595122185337e-6;   7.668595122185337e-6;   7.668595122185339e-6;   7.668595122185337e-6;   7.668595122185335e-6;   7.668595122185337e-6; 
 f18;     0.5161535187579257;     0.5161535187579336;     0.5161535187579223;     0.5161535187579336;     0.5161535187579336;     0.5161535187579336;     0.5161535187579336; 
 f19;     0.5395222269084319;     0.5395222269084163;     0.5395222269084159;     0.5395222269084159;     0.5395222269084158;     0.5395222269084159;     0.5395222269084159; 
 f20;     0.5527046666872479;      0.552704666678488;     0.5527046666784865;     0.5527046666784878;     0.5527046666920545;     0.5527046666784878;     0.5527046666784878; 
 f21;    0.40999201798913726;    0.40999201798913715;    0.40999201798913715;     0.4099920179891371;    0.40999201798913715;    0.40999201798913715;    0.40999201798913715; 
 f22;     0.4525091455776413;    0.45250914557764116;    0.45250914557764127;     0.4525091455776412;    0.45250914557764216;     0.4525091455776412;     0.4525091455776412; 
 f23;     0.4756268485960545;     0.4756268485960624;     0.4756268485960624;     0.4756268485960624;     0.4756268485960623;     0.4756268485960624;     0.4756268485960624; 
 f24;      2.999993896484374;      3.000007285238641;     2.9999957664168058;     2.9999973005278626;      2.999999800032625;     3.0000041650516813;     2.9999999999999982; 
 f25;      3.999609374999999;     3.9986872228521193;      4.001107560269884;      4.000447182595154;       4.00072557961356;       4.00034560724783;     3.9999999999999982; 
 f26;      2.474578857421875;      2.474557731970802;     2.4745833859513118;      2.474585208847838;      2.474578248078033;      2.474556631046798;      2.474576787369834; 
 f27;          1.88916015625;     1.8887379408153333;     1.8890992300973282;      1.889266221894046;       1.88922119140625;     1.8886332092927203;          1.88916015625; 
 f28;       7.14300537109375;      7.142985040372764;      7.142989795027044;      7.142995446198486;      7.143005046671116;      7.143010059173318;      7.142999999999994; 
 f29;     2.9984374999999996;       3.00006660685497;     2.9998382550016585;      3.000765279880693;       3.00000028456571;      2.999783548995127;     3.0003906249999996; 
 f30;      4.267168304542125;      4.267168304542125;      4.267168304542124;      4.267168304542125;      4.267168304542125;      4.267168304542125;      4.267168304542125; 
 f31;     0.3183098861837906;    0.31830988618379064;     0.3183098861837907;     0.3183098861837907;     0.3183098861837907;     0.3183098861837907;     0.3183098861837907; 
 f32;     1.3258176636680328;     1.3258176636680323;     1.3258176636680323;     1.3258176636680326;     1.3258176636680328;     1.3258176636680326;     1.3258176636680326; 
 f33;     0.8654740331016114;     0.8654740331016144;     0.8654740331016144;     0.8654740331016144;     0.8654740331016144;     0.8654740331016145;     0.8654740331016145; 
 f34;     0.7390851332151583;     0.7390851332151607;     0.7390851332151609;     0.7390851332151607;     0.7390851332151607;     0.7390851332151607;     0.7390851332151607; 
 f35;     0.6566666666666664;     0.6566666666666666;     0.6566666666666667;     0.6566666666666666;     0.6566666666666667;     0.6566666666666666;     0.6566666666666667; 
 f36;     0.6666666666666666;     0.6666666666666666;     0.6666666666666666;     0.6666666666666666;     0.6666666666666666;     0.6666666666666666;     0.6666666666666667; 
 f37;     0.7777777777794714;     0.7777777777777778;     0.7777777777777778;     0.7777777777778205;     0.7777777777777138;      0.777777777777772;     0.7777777777777778; 
 f38;    0.33333333333333337;     0.3333333333333333;    0.33333333333333337;    0.33333333333333337;    0.33333333333333337;    0.33333333333333337;     0.3333333333333375; 
 f39;     0.3333333333333333;     0.3333333333333333;       0.33333333333332;     0.3333333333333333;     0.3333333333333333;     0.3333333333333333;     0.3333333333333375; 
 f40;                    0.0;                    0.0;     0.6666666668400827;                    0.0;     0.6666666666666665;                    0.0;     0.6666666666666696; 
 f41;    0.13825715505682565;    0.13825715505682412;     0.1382571550568241;    0.13825715505682407;    0.13825715505682404;     0.1382571550568241;     0.1382571550568241; 
 f42;     1.0000000000000002;     2.9999999999999996;                    1.0;                    3.0;     0.9999999999999988;                    3.0;                    1.0; 
 f43;                    0.0;                    0.0;   1.567701110322143e-5;                    0.0; -1.4966955245096503e-5;                    0.0;  5.329070518200751e-15; 
 f44;                    0.0;                    0.0; -0.0007272034980517316;                    0.0; -0.00020140118966387177;                    0.0;  5.329070518200751e-15; 
 f45;                    0.0;                    0.0;  -0.004887817232201902;                    0.0; -0.0006626421697301932;                    0.0;  5.329070518200751e-15; 
 f46;    0.10162439229354953;    0.10162439229354954;    0.10162439229354954;    0.10162439229354953;    0.10162439229354953;    0.10162439229354953;    0.10162439229354954; 
 f47;   0.007732523200612807;   0.007732523200612796;   0.007732523200612798;   0.007732523200612797;   0.007732523200612795;     0.0077325232006128;   0.007732523200612798; 
 f48;  0.0012763049457355637;   0.001276304945735565;  0.0012763049457355645;  0.0012763049457355645;   0.001276304945735564;  0.0012763049457355643;  0.0012763049457355643; 
 f49;     -0.682327803828017;    -0.6823278038280194;     -0.682327803828018;    -0.6823278038280193;    -0.6823278038280193;    -0.6823278038280193;    -0.6823278038280193; 
 f50;     -2.103803402735537;    -2.1038034027355366;    -2.1038034027355366;    -2.1038034027355366;    -2.1038034027355366;    -2.1038034027355366;     -2.103803402735536; 
 f51;     0.9999999999999982;     1.0000000000000002;                    1.0;                    1.0;     0.9999999999999998;                    1.0;                    1.0; 
 f52;      1.000040835564727;     1.0000408355647268;      1.000040835564727;     1.0000408355647268;     1.0000408355647274;     1.0000408355647268;      1.000040835564727; 
 f53;     1.6968123868097535;     1.6968123868097515;     1.6968123868097513;     1.6968123868097513;     1.6968123868097518;     1.6968123868097515;     1.6968123868097515; 
 f54;     0.5235987755982975;     0.5235987755982989;     0.5235987755982989;     0.5235987755982989;     0.5235987755982987;     0.5235987755982989;     0.5235987755982989; 
 f55;     0.9999999999999858;     1.0000000000000002;                    1.0;     1.0000000000000104;     0.9999999999999903;                    1.0;                    1.0; 
 f56;                    2.0;                    2.0;                    2.0;                    2.0;                    2.0;                    2.0;                    2.0; 
 f57;     2.9999999999999996;                    3.0;     3.0000000000000004;                    3.0;                    3.0;                    3.0;                    3.0; 
 f58;     1.5574077246549223;     1.5574077246549023;     1.5574077246549023;     1.5574077246549023;     1.5574077246548788;     1.5574077246549023;     1.5574077246549025; 
 f59;      1.256431208626164;     1.2564312086261689;     1.2564312086261737;     1.2564312086261715;     1.2564312086261697;     1.2564312086261697;     1.2564312086261697; 
 f60;     0.3544631043750286;     0.3544631043750253;     0.3544631043750253;     0.3544631043750254;     0.3544631043750251;     0.3544631043750253;     0.3544631043750253; 
 f61;     1.4044916482153411;     1.4044916482153411;     1.4044916482153411;     1.4044916482153411;     1.4044916482153411;     1.4044916482153411;     1.4044916482153413; 
 f62;      1.895494267033973;      1.895494267033981;      1.895494267033981;     1.8954942670339812;     1.8954942670339783;      1.895494267033981;      1.895494267033981; 
 f63;      0.567143290409784;     0.5671432904097838;     0.5671432904097838;     0.5671432904097838;     0.5671432904097838;     0.5671432904097838;     0.5671432904097838; 
 f64;    0.09999999999999451;    0.10000000000000975;                    0.1;                    0.1;    0.09999999999999999;                    0.1;                    0.1; 
 f65;    -0.5235987755982905;    -0.5235987755982988;    -0.5235987755983067;    -0.5235987755982989;    -0.5235987755982989;    -0.5235987755982989;    -0.5235987755982989; 
 f66;    -0.8439145686492658;    -0.8439145686492662;    -0.8439145686492673;    -0.8439145686492662;    -0.8439145686492663;    -0.8439145686492662;    -0.8439145686492662; 
 f67;     0.8350790427235601;      0.835079042723559;      0.835079042723559;      0.835079042723559;      0.835079042723559;      0.835079042723559;      0.835079042723559; 
 f68;     0.8735685268302317;     0.8735685268302319;     0.8735685268302319;     0.8735685268302322;     0.8735685268302303;     0.8735685268302318;     0.8735685268302318; 
 f69;    0.11111111111110814;     0.1111111111111105;     0.1111111111111111;    0.11111111111111117;    0.11111111111111106;    0.11111111111111115;    0.11111111111111113; 
 f70;   -0.03702012770786196;  -0.037020127707860916;   -0.03702012770786098;    -0.0370201277078603;  -0.037020127707860916;   -0.03702012770786092;    -0.0370201277078609; 
 f71;    -0.6666666666666693;    -0.6666666666666669;    -0.6666666666666655;    -0.6666666666666666;    -0.6666666666666643;    -0.6666666666666661;    -0.6666666666666666; 
 f72;   9.999805570259923e-7;   9.999848674207994e-7;                    NaN;   9.999974236928317e-7;  1.0000044180286067e-6;    9.99980144640902e-7;    1.00000000458067e-6; 
 f73;   9.999805570259923e-7;   1.000009771267778e-6;                    NaN;  1.0000081308512844e-6;   1.000003372942713e-6;   9.999816061365133e-7;    1.00000000458067e-6; 
 f74;    0.33335405588150024;     0.3333232317109948;    0.33332122765334193;     0.3333518148528588;       0.33333305304898;    0.33334089242695447;     0.3333333333333357; 
 f75;    0.33333309553563595;    0.33333302278122356;    0.33333313348090704;     0.3333333538421106;     0.3333334506471075;    0.33333316489400777;     0.3333333134651184; 
 f76;              -0.999999;              -0.999999;    -0.9999990000000001;    -0.9999990000000001;    -0.9999990000000001;    -0.9999990000000001;    -0.9999990000000031; 
 f77;   0.047619047619047616;   0.047619047619047616;   0.047619047742831114;   0.047619047619047616;   0.047619047619047616;   0.047619047619047616;     0.0476190476190439; 
 f78;               1.0e-323;                    0.0;  2.455184654969007e-48;  7.663350976776343e-48; 1.0947644252537633e-47;  7.663350976776343e-48;  9.657331488959208e-43; 
 f79;  5.551115123125784e-18;  5.551115123125784e-18;  5.551115123125784e-18; 5.5511151231257846e-18;  5.551115123125784e-18; 5.5511151231257846e-18; 2.9131708668474793e-19; 
 f80; -1.0000066668530426e-8;  -0.031277388857325755;   -0.05617109223195763;   -0.05380864262511258;   -0.05437412262981722;  -0.010423710047469269;   -0.04139949210917621; 
 f81;    -0.9999999999999999;    -0.9999999999999999;    -0.9999999999999949;                   -1.0;    -0.9999999999999999;                   -1.0;    -0.9999999999999999; 
 f82;  0.0004950495049505178;   0.050000000000000044;    0.04999999999999996;                   0.05;   0.010396039603960397;                   0.05;                   0.05; 
 f83;  0.0004949555732309818;    0.26782187071924374;  0.0004949585769553359;  0.0004950328413081249;   0.010396053493064675;  0.0004949666310640698;    0.19851485148515025; 
 f84;     1.0020924414628256;     3.0125024427614666;     5.0020743558252265;     3.0125024427614666;     5.0020743558252265;     3.0125024427614666;      3.012502442761467; 
 f85;    -2.2077831448869256;     -2.207783144886932;     -2.207783144886932;     -2.207783144886932;    -2.2077831448869314;     -2.207783144886932;    -2.2077831448869314; 
 f86;      0.302804157270657;    0.30280415727071874;     0.3028041572706942;     0.3028041572706965;     0.3028041572707084;    0.30280415727069293;    0.30280415727069704; 
 f87;     0.9878048780487787;     0.9878048780487805;     0.9878048780487805;     0.9878048780487805;     0.9878048780487805;     0.9878048780487805;     0.9878048780487805; 
 f88;     0.1683621732625377;    0.16836217326253686;    0.16836217326253683;     0.1683621732625369;    0.16836217326253686;     0.1683621732625369;    0.16836217326253688; 
 f89;    -0.1629073553745739;     -3.952899243704171;     -3.636939548751743;     -3.952899243704171;    -1.1101882858457803;    -3.9528992437041706;    -1.7417626112164155; 
 f90;    0.02637269541443743;     1.1475962885345858;   0.026372695414421637;   0.026372695414430034;   0.026372695414430044;   0.026372695414430034;   0.026372695414430034; 
 f91;    0.35391373355091515;    0.35391373355091793;     0.1207780118119248;      0.353913733550918;      0.353913733550918;      0.353913733550918;    0.12077801181192627; 
 f92;    0.09999999999998055;    0.09999999999998102;    0.09999999999999999;                    0.1;    0.09999999999981957;                    0.1;                    0.1; 
 f93;    0.25118864315143874;     0.2511886431509798;      0.251188643150958;      0.251188643150958;     0.2511886431509592;      0.251188643150958;      0.251188643150958; 
 f94;     0.3727593720319078;      0.372759372031494;     0.3727593720315372;    0.37275937203161513;      0.372759372031494;      0.372759372031494;    0.37275937203149406; 
 f95;     0.4641588833612309;     0.4641588833612779;    0.46415888336127803;    0.46415888336127786;    0.46415888336127786;     0.4641588833611506;     0.4641588833612779; 
 f96;     0.5336699231208935;     0.5336699231203587;     0.5336699231206617;      0.533669923120631;     0.5336699231202147;      0.533669923120631;      0.533669923120631; 
 f97;     0.5878016072274665;      0.587801607227491;     0.5878016072274912;     0.5878016072274913;     0.5878016072279024;     0.5878016072274913;     0.5878016072274913; 
 f98;     0.6309573444802989;     0.6309573444801932;     0.6309573444801932;     0.6309573444801932;     0.6309573444798389;     0.6309573444801932;     0.6309573444801932; 
 f99;     0.6660846290808702;     0.6660846290809346;     0.6660846290810065;     0.6660846290809158;     0.6660846290810696;     0.6660846290809158;     0.6660846290809158; 
f100;                   0.75;      2.718281828459045;      2.718281828459045;                    NaN;      2.718281828459045;                    NaN;      0.749999999999998; 

Function evaluations
Func;  bisect;   brent;  ridder; alefeld;     ITP;     A42;   modAB
 f01;      49;      10;       4;       8;       9;      10;       3; 
 f02;      47;       9;      12;      12;      12;      12;      13; 
 f03;      52;      13;      52;      19;      52;      16;      14; 
 f04;      55;      11;      12;      11;      11;      11;      10; 
 f05;      51;       7;      12;       9;      10;       9;      11; 
 f06;      54;      17;      12;      10;      12;      10;      10; 
 f07;      56;      19;      22;      11;      13;      12;      13; 
 f08;      56;      21;      12;      13;      14;      13;      12; 
 f09;      56;      16;      52;       6;      11;       9;      11; 
 f10;      47;      14;      52;       5;      10;       8;      10; 
 f11;      56;      16;      56;       5;      10;       9;       9; 
 f12;      57;      17;      12;      12;      10;      12;      11; 
 f13;      51;      16;      14;      16;      48;      12;      13; 
 f14;      55;      18;      14;      19;      48;      12;      13; 
 f15;      55;      12;      24;       8;      10;      12;       9; 
 f16;      57;      13;      32;       9;      10;       9;       9; 
 f17;      57;      14;      40;       9;       9;       9;       8; 
 f18;      56;      17;      32;      12;       9;       9;      12; 
 f19;      52;      20;      14;      12;      10;      12;      13; 
 f20;      45;      19;      14;      12;      11;      13;      14; 
 f21;      55;      10;      12;       9;      10;      10;       9; 
 f22;      52;      10;      12;       7;       9;      10;      10; 
 f23;      54;       9;      12;       7;       9;      10;       9; 
 f24;      16;      36;      30;      25;      21;      58;      50; 
 f25;      12;      18;      12;      12;       4;      25;      50; 
 f26;      18;      32;      28;      26;      17;      51;      50; 
 f27;      12;      26;      26;      20;      17;      26;      14; 
 f28;      16;      24;      24;      19;      16;      46;      49; 
 f29;       8;      14;      18;      16;       4;      23;      12; 
 f30;      52;      15;      50;      13;      16;      13;      14; 
 f31;      52;      12;      16;      21;      53;      20;      11; 
 f32;      58;      14;      14;      19;      53;      16;      14; 
 f33;      56;       9;      76;      12;      13;      15;      13; 
 f34;      58;       9;      80;      10;      15;      10;      11; 
 f35;      57;      14;      18;      15;      24;      12;      17; 
 f36;      65;      59;      56;      58;      51;      58;      55; 
 f37;      48;      25;      24;      22;      15;      26;      16; 
 f38;      65;      67;      64;      62;      60;      62;      53; 
 f39;      65;     114;      98;     142;      62;     142;      53; 
 f40;       3;       4;      58;       3;      61;       3;      53; 
 f41;      55;      17;      14;      15;      17;      13;      13; 
 f42;      57;      10;      46;      10;      11;      10;      11; 
 f43;       3;       6;      28;       3;      18;       3;      50; 
 f44;       3;       6;      18;       3;      10;       3;      50; 
 f45;       3;       5;      16;       3;      10;       3;      50; 
 f46;      53;      12;      14;      18;      57;      17;      14; 
 f47;      52;      12;      18;      22;      56;      22;      17; 
 f48;      48;      12;      16;      15;      24;      15;      15; 
 f49;      58;      15;      10;      12;      11;      12;      12; 
 f50;      61;      22;      56;      12;      13;      12;      13; 
 f51;      48;       9;      12;      10;      12;      10;      10; 
 f52;      53;      12;      16;      15;      54;      19;      17; 
 f53;      49;      11;      58;      12;      11;      12;      15; 
 f54;      49;       8;      12;       8;      10;       8;      10; 
 f55;      56;      10;       4;       9;      10;      10;      10; 
 f56;       3;      11;      12;      10;      11;      10;      10; 
 f57;      51;      12;      12;      17;      14;      18;      11; 
 f58;      44;      10;      12;      10;      12;      10;      10; 
 f59;      50;      12;      76;      13;      12;      12;      11; 
 f60;      56;       8;      44;       9;      11;       8;       8; 
 f61;      59;      21;      44;      12;      11;      12;      13; 
 f62;      47;       9;      12;       9;      10;      10;      10; 
 f63;      59;      19;      10;      10;      11;      10;      11; 
 f64;      54;       8;      12;      10;      11;       8;       9; 
 f65;      54;       8;      78;      12;      11;      12;       9; 
 f66;      61;      10;      82;      12;      13;      12;      14; 
 f67;      58;      21;      12;      11;      16;      12;      13; 
 f68;      60;      11;      10;       9;      11;      10;       9; 
 f69;      54;       9;      12;      10;      11;       9;      10; 
 f70;      54;      10;      14;      20;      21;      12;      13; 
 f71;      59;      21;      14;      19;      51;      17;       8; 
 f72;      25;      31;       6;      50;      37;      74;      50; 
 f73;      25;      32;       6;      48;      37;      73;      50; 
 f74;      25;      27;      28;      21;      18;      47;      50; 
 f75;      30;      41;      32;      20;      23;      51;      27; 
 f76;      65;      56;      58;      55;      55;      55;      40; 
 f77;      62;      63;      58;     104;      58;      98;      50; 
 f78;      65;       5;     118;       7;     159;       7;      10; 
 f79;      65;      84;     102;      61;     111;      62;      15; 
 f80;      47;      54;      74;      28;      61;      33;      19; 
 f81;      65;      71;      40;      35;      57;      48;      16; 
 f82;      54;       3;      94;       6;      12;       6;       5; 
 f83;      23;      33;      26;      26;      25;      51;      50; 
 f84;      54;       8;      90;      12;      56;      10;       8; 
 f85;      59;      11;      54;      15;      14;      15;      13; 
 f86;      50;      15;      26;      16;      11;      13;      15; 
 f87;      49;      14;      14;      19;      14;      16;       9; 
 f88;      49;      11;      22;      12;      18;      12;      14; 
 f89;      59;      17;      22;      15;      17;      15;      15; 
 f90;      52;      11;      76;      10;      11;      10;      12; 
 f91;      48;      11;      74;      15;      10;      15;      14; 
 f92;      48;      14;      58;      19;      48;      19;      22; 
 f93;      48;      16;      22;      17;      19;      17;      20; 
 f94;      43;      20;      20;      20;      21;      19;      21; 
 f95;      51;      20;      20;      23;      17;      20;      20; 
 f96;      52;      23;      20;      22;      45;      24;      21; 
 f97;      52;      23;      22;      15;      46;      15;      22; 
 f98;      49;      21;      18;      18;      47;      17;      18; 
 f99;      51;      20;      20;      18;      46;      18;      18; 
f100;      64;       2;       2;       3;       2;       3;      43; 
 SUM;    4786;    1944;    3238;    1826;    2515;    2069;    1944; 

